....................griglia1................................................

partenza10 4 0 0 0 1 5 0 6 0 6 0 0 5 0 4 0 0 8 0 0 6 0 3 9 1 0 0 0 1 0 0 0 8 0 0 0 0 0 5 7 4 0 0 1 0 0 6 1 3 0 2 0 0 0 0 4 0 9 0 0 0 0 0 2 8 0 0 6 7 0 9 0 0 0 0 0 0 0 0 8 fine_partenza1

soluzione19 4 3 7 8 1 5 2 6 1 6 7 9 5 2 4 8 3 8 5 2 6 4 3 9 1 7 4 3 1 2 6 9 8 7 5 2 8 9 5 7 4 6 3 1 5 7 6 1 3 8 2 9 4 7 1 4 8 9 5 3 6 2 3 2 8 4 1 6 7 5 9 6 9 5 3 2 7 1 4 8 fine_soluzione1

.....................griglia2................................................

partenza28 9 0 0 0 0 5 0 0 4 0 0 0 0 5 0 7 0 6 0 0 1 0 7 9 8 0 0 8 0 0 0 0 0 0 7 2 0 0 0 0 6 8 9 1 0 0 0 0 0 0 0 0 0 9 0 4 0 6 8 3 2 0 0 0 0 0 0 2 7 4 0 0 0 0 0 0 0 0 0 0 fine_partenza2

soluzione28 9 7 6 2 3 5 1 4 4 2 1 8 9 5 6 7 3 6 3 5 1 4 7 9 8 2 1 8 6 4 3 9 2 5 7 2 4 3 5 7 6 8 9 1 7 5 9 2 8 1 4 3 6 9 1 4 7 6 8 3 2 5 5 6 8 3 1 2 7 4 9 3 7 2 9 5 4 1 6 8 fine_soluzione2

..........................griglia3...........................................

partenza39 0 0 3 0 0 2 0 1 0 0 0 0 9 0 0 0 4 2 4 0 0 0 1 0 5 0 6 0 0 5 0 2 0 0 8 0 0 4 0 0 7 0 2 0 1 0 2 0 0 9 0 0 0 0 6 0 0 7 3 0 0 0 0 0 0 0 0 0 0 0 0 4 0 0 0 0 0 5 0 0 fine_partenza3

soluzione39 7 5 3 8 4 2 6 1 3 1 6 2 9 5 7 8 4 2 4 8 7 6 1 3 5 9 6 3 7 5 1 2 9 4 8 8 9 4 6 3 7 1 2 5 1 5 2 8 4 9 6 7 3 5 6 9 4 7 3 8 1 2 7 2 1 9 5 8 4 3 6 4 8 3 1 2 6 5 9 7 fine_soluzione3

..........................griglia4...........................................

partenza49 0 0 0 2 0 0 0 7 0 0 0 0 5 1 0 0 0 0 0 5 0 0 9 0 0 0 0 8 0 7 0 0 0 0 5 0 0 9 0 0 0 0 1 6 2 0 0 0 0 0 0 0 3 0 9 0 0 0 0 0 0 4 5 0 7 0 0 3 0 6 0 0 1 0 0 0 0 0 0 9 fine_partenza4

soluzione49 6 1 3 2 8 4 5 7 3 7 8 4 5 1 6 9 2 4 2 5 6 7 9 1 3 8 1 8 6 7 3 2 9 4 5 7 3 9 8 4 5 2 1 6 2 5 4 9 1 6 7 8 3 8 9 3 1 6 7 5 2 4 5 4 7 2 9 3 8 6 1 6 1 2 5 8 4 3 7 9 fine_soluzione4

..........................griglia5...........................................

partenza58 0 0 3 0 0 6 0 0 0 0 0 0 0 6 0 0 2 0 0 0 0 2 1 0 0 0 9 0 0 0 0 0 0 1 0 0 0 0 0 0 2 0 0 8 0 0 0 4 0 5 3 0 6 0 8 3 0 1 0 0 2 0 0 0 0 0 0 0 8 0 0 0 0 0 0 0 0 0 0 0 fine_partenza5

soluzione58 2 5 3 4 9 6 7 1 1 9 4 8 7 6 5 3 2 3 6 7 5 2 1 4 8 9 9 5 8 7 6 3 2 1 4 4 3 6 1 9 2 7 5 8 7 1 2 4 8 5 3 9 6 5 8 3 6 1 4 9 2 7 2 4 1 9 5 7 8 6 3 6 7 9 2 3 8 1 4 5 fine_soluzione5


La scelta del formato
esatto con cui memorizzare i dati `e parte dell’esame. Ecco qualche suggerimento.
• `E opportuno che il file tenga traccia del numero complessivo di griglie
di gioco memorizzate nel file. Infatti, questa informazione `e usata per
implementare, ad esempio, il punto 3 del menu principale.